CTP = [1 0 0 0.6; 0 1 0 1.4; 0 0 1 0.9;0 0 0 1]

% CTP =
% 
%     1.0000         0         0    0.6000
%          0    1.0000         0    1.4000
%          0         0    1.0000    0.9000
%          0         0         0    1.0000
% 
% 
  
OTC= [1 0 0 0.5; 0 1 0 0.2 ; 0 0 1 0.25 ; 0 0 0 1]

% OTC =
% 
%     1.0000         0         0    0.5000
%          0    1.0000         0    0.2000
%          0         0    1.0000    0.2500
%          0         0         0    1.0000
% 
% 
  
OTP=OTC*CTP  
  
% OTP =
% 
%     1.0000         0         0    1.1000
%          0    1.0000         0    1.6000
%          0         0    1.0000    1.1500
%          0         0         0    1.0000
% 


